0000 0000	0000 0000	0000 0000	111

0000 0000	0000 0000	0000 0000	001
0000 0000	0000 0000	0000 0000	001
0000 0000	0000 0000	0000 0001	110
0000 0000	0000 0000	0000 0011	000

0000 0000	0000 1111	0000 0100	000
0000 0000	0001 0001	0000 0100	000
0000 0000	0001 0001	1110 0000	000
0000 0000	1111 0011	1111 0000	000

0011 1111	1111 0111	1111 0000	000
1111 1000	0000 1111	1111 1000	000
1110 0000	0001 1111	1111 1000	000
1110 0000	0001 1111	1111 0000	000

1110 0000	0011 1111	1111 0000	000
0110 0000	1111 1111	1111 0000	000
0110 0011	1111 1111	1110 0000	000
0111 0000	0011 1111	1100 0000	000

0011 1000	0011 1111	1000 0000	000
0001 1100	0011 1111	0000 0000	000
0001 1110	0011 1110	0000 0000	000
0000 1111	0011 1000	0000 0000	000

0000 1111	1000 0000	0000 0000	000
0000 0111	1111 1111	0000 0000	000
0000 0011	1111 1111	1000 0000	000
0000 0001	1111 1111	1000 0000	000

0000 0001	1111 1111	1100 0000	000
0000 0001	1111 1111	1110 0000	000
0000 0001	1111 1100	1110 0000	000
0000 0011	1111 1100	0011 0000	000

0000 0011	1111 1100	0001 1000	000
0000 0011	1111 1000	0000 1100	000
0000 0011	1111 1000	0000 0110	000
0000 0111	1111 1000	0000 0011	000

0000 0111	1111 1100	0000 0011	000
0000 0111	1111 1101	1111 1110	000
0000 0011	1111 1111	1000 0000	000
0000 0011	1111 1111	1000 0000	000

0000 0011	1111 1111	1000 0000	000
0000 0001	1111 1110	1100 0000	000
0000 0001	1111 1110	0111 1000	000
0000 0001	1111 1110	0001 0000	000

0000 0001	1111 1110	0000 0000	000
0000 0001	1101 1110	0000 0000	000
0000 0001	1101 1100	0000 0000	000
0000 0001	1101 1100	0000 0000	000

0000 0001	1001 1100	0000 0000	000
0000 0001	1001 1100	0000 0000	000
0000 0001	1000 1100	0000 0000	000
0000 0001	1000 1100	0000 0000	000

0000 0000	1000 1110	0000 0000	000
0000 0000	1000 0110	0000 0000	000
0000 0000	1100 0110	0000 0000	000
0000 0000	1100 0011	0000 0000	000

0000 0000	1100 0011	0000 0000	000
0000 0000	1100 0001	1000 0000	000
0000 0000	1100 0001	1000 0000	000
0000 0000	1100 0000	1000 0000	000

0000 0011	1100 0000	1100 0000	000
0011 1111	1100 0000	1100 0000	000
1111 1100	0000 0000	1100 0000	000
0111 0000	0000 0000	1100 0000	000

0000 0000	0001 1111	1100 0000	000
0000 0001	1111 1111	1100 0000	000
0000 0011	1111 0000	0000 0000	000
0000 0001	1100 0000	0000 0000	000